0.000000,0.000000,10.000000,0.955955,0.003731,0.006282,0.012113,0.024513,0.001765,0.077227,0.000000,0.061782,2.295000,0.327857,1.803214,13.114286,4.753929,17.868214,8.393143,0.000000,8.393143,0.000000,0.000000,0.000000,30.687429,0.746164
1.000000,365.000000,10.000000,1.711600,0.007645,0.096815,0.113874,0.140494,0.000146,0.423321,0.645738,0.467804,10.760899,11.343015,38.425279,159.809312,1.070091,160.879403,147.477966,56.241076,203.719042,-0.000000,309.685621,2945.874170,425.127638,15.079871
2.000000,730.000000,10.000000,1.453505,0.007539,0.093688,0.110184,0.133849,0.000144,0.498266,0.593544,0.517322,12.576817,14.354449,48.777005,194.913822,1.469234,196.383056,255.479023,76.082827,331.561850,-0.000000,728.901060,5998.133191,603.653177,14.157817
3.000000,1095.000000,10.000000,1.545131,0.008025,0.097903,0.115123,0.137830,0.000153,0.547634,0.628102,0.563728,15.884794,17.337357,59.005247,229.158874,1.869100,231.027975,345.913714,99.185325,445.099038,-0.000000,1079.921967,9132.411051,768.354411,10.875626
4.000000,1460.000000,10.000000,1.498417,0.007777,0.093171,0.109549,0.129380,0.000148,0.567980,0.621072,0.578598,17.261604,18.154731,61.851961,234.713762,2.037264,236.751026,411.739885,112.556838,524.296723,-0.000000,1373.479590,12398.891794,858.316045,9.521270
5.000000,1825.000000,10.000000,1.334287,0.006908,0.081303,0.095590,0.111467,0.000132,0.540934,0.561822,0.545112,16.766586,17.042077,58.109022,216.103408,1.979465,218.082873,435.620616,113.110403,548.731019,-0.000000,1624.014341,15797.941512,858.731576,9.182312
6.000000,2190.000000,10.000000,1.137979,0.005874,0.067940,0.079877,0.092047,0.000112,0.487742,0.481215,0.486437,15.427058,15.178179,51.791867,189.084154,1.820164,190.904318,430.553943,106.198043,536.751987,-0.000000,1838.883077,19281.750944,810.053409,9.291277
7.000000,2555.000000,10.000000,0.961152,0.004947,0.056248,0.066130,0.075376,0.000094,0.430975,0.404900,0.425760,14.047610,13.385617,45.709274,163.957063,1.656370,165.613433,416.686528,97.869080,514.555608,-0.000000,2024.706340,22802.669545,753.311543,9.612514
8.000000,2920.000000,10.000000,0.817406,0.004194,0.046902,0.055143,0.062221,0.000080,0.378975,0.342082,0.371596,12.976348,11.964253,40.889380,144.110603,1.529209,145.639812,404.960222,91.384435,496.344657,-0.000000,2188.145565,26334.727413,707.814450,10.079397
9.000000,3285.000000,10.000000,0.702876,0.003591,0.039512,0.046454,0.051936,0.000068,0.331924,0.292150,0.323969,12.290799,10.931756,37.396872,129.423738,1.446435,130.870173,398.698853,87.730958,486.429811,-0.000000,2335.047415,29867.720602,677.919411,10.698192
10.000000,3650.000000,10.000000,0.610597,0.003095,0.033508,0.039395,0.043675,0.000059,0.288638,0.251610,0.281232,11.973747,10.207498,34.959279,118.672627,1.402263,120.074890,398.277566,86.796108,485.073675,0.000000,2469.858334,33398.540005,662.289089,11.498989
11.000000,4015.000000,10.000000,0.538003,0.002676,0.028525,0.033536,0.036898,0.000051,0.249182,0.217721,0.242890,12.038258,9.707969,33.292285,110.714246,1.388501,112.102747,403.354226,88.106981,491.461207,0.000000,2595.672907,36926.412057,658.602465,12.502239
12.000000,4380.000000,10.000000,0.480139,0.002283,0.023975,0.028187,0.030802,0.000043,0.216460,0.190895,0.211347,12.393122,9.199774,31.594421,102.849054,1.372044,104.221098,416.494575,91.826129,508.320704,0.000000,2713.787432,40451.170879,665.729118,13.690631
13.000000,4745.000000,10.000000,0.452007,0.001956,0.020234,0.023788,0.025837,0.000037,0.191017,0.170349,0.186883,13.453797,8.751323,30.096815,95.928470,1.360152,97.288622,436.702611,97.362972,534.065583,0.000000,2824.209774,43972.821515,683.656140,14.988790
14.000000,5110.000000,10.000000,0.461151,0.001713,0.017466,0.020534,0.022184,0.000033,0.172075,0.156681,0.168997,15.630164,8.425293,29.012690,90.683274,1.360808,92.044081,460.364677,104.794870,565.159547,0.000000,2928.418290,47491.997363,710.271775,16.277867
15.000000,5475.000000,10.000000,0.493270,0.001555,0.015632,0.018377,0.019761,0.000030,0.158903,0.148744,0.156871,18.634968,8.259974,28.473778,87.507554,1.380321,88.887875,484.770025,113.443988,598.214013,-0.000000,3028.586743,51009.630078,742.470607,17.441500
16.000000,5840.000000,10.000000,0.523102,0.001471,0.014582,0.017143,0.018361,0.000028,0.150584,0.144560,0.149379,21.492022,8.268425,28.526503,86.474854,1.422582,87.897436,508.489493,122.036799,630.526292,-0.000000,3127.259866,54526.716886,776.710677,18.397147
17.000000,6205.000000,10.000000,0.542137,0.001439,0.014078,0.016550,0.017665,0.000027,0.146077,0.142070,0.145276,23.676351,8.402298,29.005886,87.000907,1.481584,88.482491,531.091068,129.130146,660.221215,0.000000,3226.747019,58044.152168,809.788241,19.127166
18.000000,6570.000000,10.000000,0.554686,0.001437,0.013878,0.016315,0.017365,0.000027,0.144370,0.139842,0.143465,25.275996,8.583903,29.645296,88.219017,1.545475,89.764492,552.580177,133.811625,686.391802,0.000000,3328.476821,61562.549120,839.661488,19.652484
19.000000,6935.000000,10.000000,0.564285,0.001448,0.013810,0.016235,0.017241,0.000028,0.144611,0.137302,0.143149,26.463431,8.751036,30.231131,89.447482,1.604166,91.051648,573.094558,136.032372,709.126930,0.000000,3432.943589,65082.119664,865.624175,20.015993
20.000000,7300.000000,10.000000,0.571811,0.001463,0.013775,0.016193,0.017166,0.000028,0.146140,0.134462,0.143805,27.335489,8.870065,30.648158,90.312387,1.652060,91.964448,592.750391,136.345498,729.095889,0.000000,3539.980878,68602.792502,887.914048,20.261540
21.000000,7665.000000,10.000000,0.577359,0.001475,0.013724,0.016134,0.017082,0.000028,0.148480,0.131557,0.145095,27.954889,8.932781,30.868765,90.706442,1.687895,92.394337,611.601641,135.473655,747.075296,-0.000000,3649.102205,72124.359155,907.226069,20.426940
22.000000,8030.000000,10.000000,0.581205,0.001484,0.013648,0.016045,0.016974,0.000028,0.151292,0.128811,0.146795,28.382495,8.947194,30.921193,90.692655,1.713293,92.405947,629.658524,134.023920,763.682444,-0.000000,3759.762247,75646.585907,924.339275,20.537690
23.000000,8395.000000,10.000000,0.583758,0.001491,0.013550,0.015929,0.016845,0.000028,0.154350,0.126373,0.148754,28.673595,8.926423,30.851189,90.388383,1.730833,92.119216,646.925771,132.417067,779.342839,-0.000000,3871.499289,79169.274878,939.913261,20.613342
24.000000,8760.000000,10.000000,0.585461,0.001495,0.013438,0.015798,0.016707,0.000028,0.157507,0.124309,0.150867,28.874482,8.883194,30.703023,89.910568,1.743033,91.653601,663.416924,130.897603,794.314527,-0.000000,3983.976773,82692.281827,954.428828,20.666160
25.000000,9125.000000,10.000000,0.585835,0.001496,0.013302,0.015638,0.016543,0.000028,0.160688,0.122775,0.153105,28.978075,8.814714,30.467230,89.221241,1.749368,90.970609,679.230342,129.742408,808.972750,-0.000000,4096.972510,86215.511539,968.203379,20.704951
26.000000,9490.000000,10.000000,0.581538,0.001485,0.013065,0.015359,0.016260,0.000028,0.163934,0.123479,0.155843,28.829220,8.673889,29.981146,87.836144,1.740340,89.576484,694.807439,130.836503,825.643942,-0.000000,4209.459308,89738.523440,982.704680,20.733956
27.000000,9855.000000,10.000000,0.582828,0.001488,0.012961,0.015237,0.016147,0.000028,0.166966,0.123863,0.158346,28.943242,8.617276,29.785976,87.334496,1.747315,89.081811,709.143916,131.518768,840.662684,-0.000000,4322.026601,93261.569837,997.090990,20.756629
28.000000,10220.000000,10.000000,0.584948,0.001494,0.012880,0.015141,0.016067,0.000028,0.169850,0.124171,0.160714,29.089535,8.573464,29.634951,86.989376,1.756253,88.745628,722.624829,132.070343,854.695172,-0.000000,4435.110876,96784.837802,1010.738750,20.774831
29.000000,10585.000000,10.000000,0.587112,0.001499,0.012803,0.015052,0.015996,0.000029,0.172619,0.124456,0.162987,29.231956,8.531276,29.489470,86.683921,1.764952,88.448872,735.465671,132.564915,868.030586,-0.000000,4548.653192,100308.302075,1023.732161,20.791680
30.000000,10950.000000,10.000000,0.589180,0.001504,0.012729,0.014964,0.015932,0.000029,0.175262,0.124735,0.165156,29.365380,8.489086,29.343931,86.398996,1.773100,88.172097,747.661321,133.028659,880.689980,-0.000000,4662.661074,103831.965881,1036.060473,20.805062
31.000000,11315.000000,10.000000,0.591112,0.001509,0.012655,0.014878,0.015871,0.000029,0.177769,0.125018,0.167219,29.488931,8.446565,29.197217,86.128418,1.780646,87.909064,759.208403,133.480037,892.688440,-0.000000,4777.129950,107355.827261,1047.730217,20.817294
32.000000,11680.000000,10.000000,0.592927,0.001514,0.012583,0.014793,0.015815,0.000029,0.180147,0.125301,0.169178,29.604331,8.404153,29.050851,85.874412,1.787694,87.662106,770.145158,133.918118,904.063277,-0.000000,4892.029493,110879.873217,1058.784718,20.828421
33.000000,12045.000000,10.000000,0.594639,0.001519,0.012512,0.014709,0.015762,0.000029,0.182400,0.125582,0.171036,29.712732,8.362139,28.905840,85.637831,1.794314,87.432145,780.504289,134.344459,914.848749,-0.000000,5007.333363,114404.092460,1069.261605,20.838664
34.000000,12410.000000,10.000000,0.596255,0.001523,0.012442,0.014627,0.015714,0.000029,0.184532,0.125861,0.172798,29.814871,8.320685,28.762745,85.418446,1.800553,87.218999,790.317402,134.759931,925.077333,-0.000000,5123.017932,117928.474864,1079.194633,20.848182
35.000000,12775.000000,10.000000,0.597783,0.001527,0.012375,0.014547,0.015669,0.000029,0.186551,0.126136,0.174468,29.911372,8.279917,28.622008,85.215855,1.806447,87.022302,799.614380,135.164311,934.778691,-0.000000,5239.061856,121453.011282,1088.614291,20.857094
36.000000,13140.000000,10.000000,0.599233,0.001530,0.012308,0.014470,0.015627,0.000029,0.188460,0.126410,0.176050,30.002908,8.239980,28.484130,85.029961,1.812038,86.841999,808.415482,135.561451,943.976933,-0.000000,5355.447377,124977.694101,1097.545950,20.865509
37.000000,13505.000000,10.000000,0.600602,0.001534,0.012244,0.014393,0.015589,0.000029,0.190267,0.126678,0.177549,30.089452,8.200768,28.348749,84.858508,1.817325,86.675833,816.753837,135.947328,952.701165,-0.000000,5472.156046,128502.515416,1106.015967,20.873453
38.000000,13870.000000,10.000000,0.601898,0.001537,0.012181,0.014319,0.015554,0.000029,0.191976,0.126937,0.178969,30.171443,8.162489,28.216581,84.701764,1.822333,86.524097,824.657408,136.318702,960.976109,-0.000000,5589.169397,132027.467312,1114.050720,20.880499
39.000000,14235.000000,10.000000,0.603133,0.001540,0.012119,0.014247,0.015522,0.000029,0.193595,0.127186,0.180313,30.249579,8.125063,28.087352,84.558666,1.827107,86.385773,832.149803,136.674700,968.824502,-0.000000,5706.471988,135552.543171,1121.672269,20.888886
40.000000,14600.000000,10.000000,0.604300,0.001543,0.012060,0.014177,0.015492,0.000029,0.195126,0.127424,0.181586,30.323629,8.088623,27.961526,84.428175,1.831631,86.259806,839.252455,137.015457,976.267912,-0.000000,5824.049203,139077.736730,1128.901496,20.893718
41.000000,14965.000000,10.000000,0.605407,0.001546,0.012002,0.014109,0.015465,0.000029,0.196576,0.127652,0.182791,30.394008,8.052985,27.838462,84.309407,1.835931,86.145338,845.985872,137.341476,983.327347,-0.000000,5941.887224,142603.042064,1135.758140,20.902505
42.000000,15330.000000,10.000000,0.606453,0.001549,0.011945,0.014043,0.015439,0.000030,0.197947,0.127870,0.183932,30.460708,8.018379,27.718959,84.200926,1.840006,86.040932,852.369371,137.653134,990.022505,-0.000000,6059.972554,146128.453391,1142.261483,20.906283
43.000000,15695.000000,10.000000,0.607446,0.001552,0.011891,0.013978,0.015417,0.000030,0.199246,0.128077,0.185012,30.524120,7.984472,27.601866,84.102909,1.843881,85.946790,858.421510,137.950857,996.372368,-0.000000,6178.292529,149653.965283,1148.429616,20.914991
44.000000,16060.000000,10.000000,0.608382,0.001554,0.011838,0.013916,0.015395,0.000030,0.200474,0.128275,0.186034,30.584202,7.951758,27.488887,84.013032,1.847553,85.860585,864.159643,138.234973,1002.394616,-0.000000,6296.834894,153179.572487,1154.280048,20.916930
45.000000,16425.000000,10.000000,0.609271,0.001556,0.011785,0.013855,0.015376,0.000030,0.201637,0.128463,0.187002,30.641393,7.919476,27.377404,83.933174,1.851048,85.784221,869.600486,138.505974,1008.106459,-0.000000,6415.588325,156705.270150,1159.828954,20.927684
46.000000,16790.000000,10.000000,0.610108,0.001558,0.011736,0.013797,0.015358,0.000030,0.202737,0.128642,0.187918,30.695473,7.888802,27.271463,83.858555,1.854353,85.712908,874.759425,138.764196,1013.523621,0.000000,6534.541668,160231.053493,1165.092268,20.924915
47.000000,17155.000000,10.000000,0.610906,0.001560,0.011686,0.013738,0.015342,0.000030,0.203779,0.128812,0.188785,30.747158,7.857833,27.164517,83.795200,1.857512,85.652712,879.651679,139.010289,1018.661968,0.000000,6653.684986,163756.918254,1170.084189,20.942281
48.000000,17520.000000,10.000000,0.611645,0.001562,0.011639,0.013683,0.015327,0.000030,0.204766,0.128969,0.189606,30.795435,7.828612,27.063592,83.733203,1.860463,85.593666,884.298398,139.240893,1023.539291,0.000000,6773.007162,167282.859670,1174.820596,20.941666
49.000000,17885.000000,10.000000,0.612353,0.001564,0.011594,0.013630,0.015313,0.000030,0.205700,0.129117,0.190383,30.841763,7.800315,26.965851,83.679079,1.863295,85.542374,888.705315,139.458882,1028.164197,0.000000,6892.499089,170808.873839,1179.314500,20.942616
50.000000,18250.000000,10.000000,0.613037,0.001566,0.011550,0.013578,0.015301,0.000030,0.206582,0.129260,0.191118,30.886463,7.772809,26.870852,83.632827,1.866028,85.498854,892.876578,139.670320,1032.546898,0.000000,7012.153783,174334.957768,1183.575877,20.946223
51.000000,18615.000000,10.000000,0.613672,0.001568,0.011506,0.013527,0.015290,0.000030,0.207417,0.129399,0.191813,30.928396,7.745811,26.777604,83.590791,1.868591,85.459382,896.831477,139.874098,1036.705575,0.000000,7131.962818,177861.107843,1187.616767,20.952176
52.000000,18980.000000,10.000000,0.614264,0.001569,0.011465,0.013478,0.015279,0.000030,0.208207,0.129530,0.192471,30.967777,7.719822,26.687845,83.552761,1.870999,85.423760,900.582797,140.068325,1040.651121,0.000000,7251.916983,181387.320120,1191.450326,20.956126
53.000000,19345.000000,10.000000,0.614834,0.001571,0.011424,0.013430,0.015270,0.000030,0.208954,0.129654,0.193094,31.005750,7.694271,26.599584,83.519430,1.873321,85.392750,904.141676,140.252748,1044.394424,0.000000,7372.009121,184913.591528,1195.086780,20.963937
54.000000,19710.000000,10.000000,0.615363,0.001572,0.011386,0.013385,0.015261,0.000030,0.209661,0.129770,0.193683,31.041351,7.670201,26.516463,83.488523,1.875498,85.364020,907.517449,140.427521,1047.944970,0.000000,7492.231617,188439.918807,1198.537005,20.959717
55.000000,20075.000000,10.000000,0.615875,0.001573,0.011347,0.013339,0.015254,0.000030,0.210331,0.129880,0.194241,31.075793,7.645711,26.431838,83.464683,1.877604,85.342287,910.720231,140.593575,1051.313806,0.000000,7612.578571,191966.299424,1201.809434,20.976474
56.000000,20440.000000,10.000000,0.616339,0.001574,0.011310,0.013296,0.015246,0.000030,0.210965,0.129982,0.194769,31.107520,7.622873,26.352970,83.439483,1.879544,85.319027,913.764105,140.748772,1054.512877,0.000000,7733.042140,195492.730020,1204.915268,20.974757
57.000000,20805.000000,10.000000,0.616786,0.001576,0.011275,0.013255,0.015239,0.000030,0.211566,0.130076,0.195268,31.138128,7.600948,26.277254,83.418438,1.881416,85.299855,916.651890,140.895111,1057.547000,0.000000,7853.616250,199019.207993,1207.863186,20.973586
58.000000,21170.000000,10.000000,0.617222,0.001577,0.011241,0.013215,0.015234,0.000030,0.212133,0.130167,0.195740,31.167943,7.579454,26.203010,83.402877,1.883240,85.286117,919.385477,141.036886,1060.422363,0.000000,7974.296909,202545.731632,1210.658888,20.977354
59.000000,21535.000000,10.000000,0.617623,0.001578,0.011208,0.013176,0.015228,0.000030,0.212669,0.130255,0.196186,31.195741,7.558704,26.131345,83.388013,1.884941,85.272953,921.978097,141.173417,1063.151514,0.000000,8095.078600,206072.298570,1213.310258,20.979223
60.000000,21900.000000,10.000000,0.617997,0.001579,0.011175,0.013137,0.015224,0.000030,0.213176,0.130338,0.196608,31.221968,7.538143,26.060294,83.376953,1.886545,85.263498,924.438408,141.303534,1065.741942,0.000000,8215.955339,209598.906244,1215.825845,20.988209
61.000000,22265.000000,10.000000,0.618352,0.001580,0.011145,0.013102,0.015219,0.000030,0.213655,0.130416,0.197008,31.246947,7.519159,25.994776,83.364069,1.888073,85.252142,926.773187,141.426891,1068.200078,0.000000,8336.921907,213125.552419,1218.213102,20.983802
62.000000,22630.000000,10.000000,0.618681,0.001580,0.011114,0.013066,0.015215,0.000030,0.214110,0.130488,0.197386,31.270492,7.499980,25.928510,83.355259,1.889514,85.244773,928.993760,141.541953,1070.535713,0.000000,8457.973099,216652.234861,1220.479468,20.988760
63.000000,22995.000000,10.000000,0.618999,0.001581,0.011085,0.013031,0.015211,0.000030,0.214541,0.130554,0.197743,31.293192,7.481337,25.864079,83.349112,1.890903,85.240015,931.101641,141.650424,1072.752065,0.000000,8579.104893,220178.951847,1222.630688,20.996006
64.000000,23360.000000,10.000000,0.619302,0.001582,0.011057,0.012999,0.015208,0.000030,0.214947,0.130618,0.198081,31.314999,7.463923,25.803948,83.344200,1.892237,85.236438,933.096750,141.755423,1074.852173,0.000000,8700.313986,223705.701962,1224.671481,20.996383
65.000000,23725.000000,10.000000,0.619588,0.001583,0.011029,0.012966,0.015205,0.000030,0.215330,0.130680,0.198400,31.335750,7.446503,25.743731,83.341059,1.893507,85.234567,934.989703,141.856652,1076.846355,0.000000,8821.596837,227232.483687,1226.606905,21.003597
66.000000,24090.000000,10.000000,0.619840,0.001583,0.011003,0.012935,0.015202,0.000030,0.215694,0.130736,0.198703,31.354589,7.430072,25.686998,83.336258,1.894661,85.230918,936.790805,141.951455,1078.742260,0.000000,8942.947931,230759.294660,1228.444837,21.003914
67.000000,24455.000000,10.000000,0.620092,0.001584,0.010978,0.012905,0.015200,0.000030,0.216038,0.130790,0.198988,31.373308,7.414001,25.631451,83.336176,1.895806,85.231982,938.496691,142.042154,1080.538846,0.000000,9064.364252,234286.133588,1230.189588,21.009928
68.000000,24820.000000,10.000000,0.620324,0.001585,0.010954,0.012877,0.015198,0.000030,0.216363,0.130839,0.199258,31.390786,7.398784,25.578924,83.333758,1.896876,85.230634,940.119376,142.127551,1082.246926,0.000000,9185.842373,237812.999002,1231.846054,21.008061
69.000000,25185.000000,10.000000,0.620542,0.001585,0.010930,0.012849,0.015196,0.000030,0.216671,0.130885,0.199514,31.407424,7.384052,25.528071,83.332826,1.897895,85.230722,941.660386,142.208267,1083.868653,0.000000,9307.379011,241339.889496,1233.418921,21.008677
70.000000,25550.000000,10.000000,0.620755,0.001586,0.010907,0.012823,0.015194,0.000030,0.216961,0.130930,0.199755,31.423701,7.369773,25.478736,83.334465,1.898892,85.233357,943.119178,142.286498,1085.405676,0.000000,9428.972031,244866.804155,1234.911243,21.011002
71.000000,25915.000000,10.000000,0.620953,0.001586,0.010885,0.012797,0.015193,0.000030,0.217235,0.130972,0.199982,31.439008,7.355817,25.430564,83.336089,1.899829,85.235918,944.503764,142.361861,1086.865625,0.000000,9550.618692,248393.741804,1236.326932,21.013451
72.000000,26280.000000,10.000000,0.621131,0.001587,0.010864,0.012771,0.015191,0.000030,0.217494,0.131012,0.200198,31.453183,7.342464,25.384342,83.338326,1.900697,85.239023,945.818589,142.433550,1088.252139,0.000000,9672.315384,251920.700895,1237.671150,21.015557
73.000000,26645.000000,10.000000,0.621306,0.001587,0.010843,0.012747,0.015190,0.000030,0.217739,0.131049,0.200401,31.467114,7.329311,25.339117,83.340769,1.901550,85.242320,947.067664,142.501604,1089.569268,0.000000,9794.059841,255447.680458,1238.947130,21.020518
74.000000,27010.000000,10.000000,0.621462,0.001588,0.010824,0.012724,0.015189,0.000030,0.217971,0.131084,0.200593,31.479929,7.317194,25.296788,83.343151,1.902336,85.245486,948.253782,142.565992,1090.819774,0.000000,9915.849058,258974.679199,1240.159172,21.016462
75.000000,27375.000000,10.000000,0.621621,0.001588,0.010803,0.012701,0.015188,0.000030,0.218190,0.131116,0.200775,31.492736,7.304309,25.253379,83.347820,1.903120,85.250940,949.380799,142.627284,1092.008082,0.000000,10037.681503,262501.696480,1241.309446,21.029583
76.000000,27740.000000,10.000000,0.621752,0.001588,0.010785,0.012679,0.015186,0.000030,0.218397,0.131145,0.200947,31.504074,7.292764,25.213282,83.349991,1.903815,85.253805,950.454482,142.684370,1093.138852,0.000000,10159.553805,266028.730847,1242.402777,21.028198
77.000000,28105.000000,10.000000,0.621889,0.001589,0.010766,0.012657,0.015186,0.000030,0.218593,0.131173,0.201109,31.515567,7.281138,25.173792,83.355769,1.904519,85.260287,951.471307,142.739193,1094.210500,0.000000,10281.464475,269555.781669,1243.441284,21.036194
78.000000,28470.000000,10.000000,0.622010,0.001589,0.010750,0.012637,0.015185,0.000030,0.218778,0.131198,0.201262,31.526122,7.270771,25.137263,83.358195,1.905166,85.263361,952.439677,142.790902,1095.230580,0.000000,10403.411335,273082.847997,1244.428097,21.031016
79.000000,28835.000000,10.000000,0.622124,0.001589,0.010734,0.012618,0.015184,0.000030,0.218953,0.131221,0.201407,31.536220,7.260801,25.101949,83.361476,1.905785,85.267261,953.360000,142.839829,1096.199829,0.000000,10525.392401,276609.928968,1245.366060,21.027910
80.000000,29200.000000,10.000000,0.622240,0.001590,0.010717,0.012599,0.015183,0.000030,0.219118,0.131244,0.201543,31.546316,7.250644,25.067315,83.366992,1.906404,85.273396,954.231199,142.887524,1097.118723,0.000000,10647.406811,280137.024225,1246.256393,21.031206
81.000000,29565.000000,10.000000,0.622343,0.001590,0.010702,0.012581,0.015183,0.000030,0.219273,0.131265,0.201671,31.555682,7.241220,25.033647,83.371613,1.906978,85.278591,955.058638,142.933652,1097.992290,0.000000,10769.452938,283664.133060,1247.101430,21.029481
82.000000,29930.000000,10.000000,0.622437,0.001590,0.010686,0.012563,0.015182,0.000030,0.219420,0.131285,0.201793,31.564471,7.230806,25.000878,83.377588,1.907517,85.285105,955.845258,142.977684,1098.822943,0.000000,10891.528625,287191.254601,1247.904203,21.041711
83.000000,30295.000000,10.000000,0.622523,0.001590,0.010674,0.012546,0.015182,0.000030,0.219558,0.131304,0.201907,31.572784,7.223879,24.969781,83.380394,1.908027,85.288421,956.592945,143.019397,1099.612342,0.000000,11013.632204,290718.388018,1248.667207,21.023291
84.000000,30660.000000,10.000000,0.622602,0.001591,0.010660,0.012530,0.015181,0.000030,0.219689,0.131320,0.202016,31.580653,7.214730,24.939259,83.385179,1.908510,85.293689,957.306582,143.058124,1100.364705,0.000000,11135.761834,294245.532558,1249.393036,21.027961
85.000000,31025.000000,10.000000,0.622680,0.001591,0.010648,0.012514,0.015181,0.000030,0.219813,0.131335,0.202117,31.588345,7.207630,24.910833,83.389672,1.908981,85.298654,957.982351,143.095286,1101.077637,0.000000,11257.916550,297772.687781,1250.083098,21.018400
86.000000,31390.000000,10.000000,0.622754,0.001591,0.010633,0.012499,0.015180,0.000030,0.219930,0.131349,0.202214,31.595782,7.198065,24.882402,83.395473,1.909438,85.304910,958.627231,143.130476,1101.757707,0.000000,11380.095249,301299.853313,1250.738866,21.032481
87.000000,31755.000000,10.000000,0.622818,0.001591,0.010623,0.012484,0.015180,0.000030,0.220040,0.131362,0.202304,31.602601,7.191751,24.856113,83.399797,1.909856,85.309654,959.237830,143.164467,1102.402297,0.000000,11502.296525,304827.028487,1251.362417,21.020574
88.000000,32120.000000,10.000000,0.622883,0.001591,0.010609,0.012470,0.015180,0.000030,0.220144,0.131374,0.202390,31.609450,7.183022,24.829393,83.405215,1.910277,85.315491,959.820949,143.196686,1103.017635,0.000000,11624.519468,308354.212970,1251.954991,21.032555
89.000000,32485.000000,10.000000,0.622937,0.001591,0.010599,0.012456,0.015179,0.000030,0.220241,0.131385,0.202470,31.615590,7.177101,24.805219,83.409362,1.910654,85.320015,960.373068,143.227738,1103.600805,0.000000,11746.762619,311881.406080,1252.518730,21.021337
90.000000,32850.000000,10.000000,0.622963,0.001592,0.010601,0.012446,0.015178,0.000030,0.220332,0.131396,0.202545,31.620282,7.179212,24.786571,83.409875,1.910942,85.320818,960.890667,143.258225,1104.148892,0.000000,11869.024520,315408.607134,1253.055775,21.083374
