0.000000,0.000000,5.000000,1.020497,0.003987,0.006912,0.013303,0.027234,0.001865,0.083580,0.000000,0.066864,2.295000,0.327857,1.803214,13.114286,4.753929,17.868214,8.393143,0.000000,8.393143,0.000000,0.000000,0.000000,30.687429,0.021034
1.000000,365.000000,5.000000,1.384436,0.006918,0.087604,0.103042,0.127129,0.000132,0.385933,0.585545,0.425855,8.256050,9.426173,31.997220,131.060288,0.926821,131.987108,126.125660,47.840068,173.965728,-0.000000,260.697677,1239.357473,355.632279,13.930462
2.000000,730.000000,5.000000,1.161455,0.006737,0.083722,0.098466,0.119613,0.000128,0.445751,0.538859,0.464372,9.555279,11.804122,40.194249,157.969932,1.259208,159.229141,215.016131,64.982164,279.998295,0.000000,612.583213,2567.323130,500.781086,13.710689
3.000000,1095.000000,5.000000,1.217079,0.007062,0.086150,0.101305,0.121286,0.000135,0.476687,0.560682,0.493486,11.920076,14.062362,47.959223,183.033191,1.580240,184.613431,283.944268,83.494124,367.438392,0.000000,913.535698,3966.158246,625.993484,10.544845
4.000000,1460.000000,5.000000,1.175432,0.006804,0.081512,0.095841,0.113191,0.000130,0.485006,0.549019,0.497809,12.942419,14.680497,50.121242,186.759938,1.717957,188.477894,332.877275,94.202984,427.080259,0.000000,1163.526506,5473.858612,693.302311,9.251292
5.000000,1825.000000,5.000000,1.042312,0.005992,0.070525,0.082919,0.096691,0.000114,0.452961,0.489674,0.460304,12.598168,13.736520,46.939761,171.245562,1.665652,172.911214,348.011039,94.054431,442.065471,-0.000000,1376.082458,7091.353837,688.251134,8.957863
6.000000,2190.000000,5.000000,0.885946,0.005019,0.058045,0.068244,0.078642,0.000096,0.398998,0.411740,0.401546,11.688790,12.169187,41.619439,148.840545,1.526698,150.367243,340.836786,87.930343,428.767129,-0.000000,1557.290911,8778.784729,644.611789,9.132119
7.000000,2555.000000,5.000000,0.753234,0.004127,0.046929,0.055174,0.062888,0.000079,0.342559,0.338362,0.341719,10.929939,10.657454,36.483513,127.897836,1.384710,129.282546,328.333147,81.077612,409.410759,0.000000,1712.537104,10496.386115,596.764210,9.568741
8.000000,2920.000000,5.000000,0.664865,0.003387,0.037880,0.044535,0.050252,0.000065,0.290890,0.277302,0.288173,10.796182,9.454839,32.402708,111.234205,1.275834,112.510039,319.459891,76.134316,395.594207,-0.000000,1847.400865,12222.528588,560.757976,10.224103
9.000000,3285.000000,5.000000,0.625899,0.002794,0.030738,0.036138,0.040402,0.000053,0.245183,0.228493,0.241845,11.616415,8.583568,29.455623,98.860210,1.207136,100.067347,316.515426,73.742647,390.258074,-0.000000,1966.924758,13948.781644,539.981026,11.110148
10.000000,3650.000000,5.000000,0.619303,0.002335,0.025286,0.029727,0.032957,0.000044,0.206370,0.190593,0.203214,13.335693,7.999861,27.492854,90.104740,1.175196,91.279936,318.896125,73.629161,392.525286,-0.000000,2075.293907,15672.759892,532.633630,12.199541
11.000000,4015.000000,5.000000,0.603199,0.001979,0.021101,0.024807,0.027295,0.000038,0.176917,0.165062,0.174546,15.056311,7.557877,26.011950,83.272744,1.158972,84.431716,326.880597,76.244346,403.124944,-0.000000,2175.506092,17393.998538,536.182798,13.403682
12.000000,4380.000000,5.000000,0.575202,0.001745,0.018323,0.021540,0.023539,0.000033,0.156705,0.149005,0.155165,16.330414,7.312193,25.198611,78.978809,1.165813,80.144622,338.349069,80.430605,418.779674,-0.000000,2269.985910,19112.936006,547.765513,14.545522
13.000000,4745.000000,5.000000,0.551158,0.001614,0.016702,0.019635,0.021327,0.000031,0.143805,0.140192,0.143083,17.279191,7.244486,24.989947,76.968394,1.193820,78.162214,350.083381,85.322081,435.405462,0.000000,2361.742357,20830.863772,563.081300,15.492008
14.000000,5110.000000,5.000000,0.538861,0.001556,0.015871,0.018659,0.020158,0.000030,0.136127,0.135895,0.136081,18.103796,7.296146,25.185497,76.531329,1.235414,77.766742,360.327182,89.927965,450.255147,0.000000,2453.241282,22548.838818,578.607329,16.188827
15.000000,5475.000000,5.000000,0.536349,0.001541,0.015494,0.018215,0.019587,0.000029,0.131869,0.133853,0.132266,18.851169,7.397934,25.548327,76.856731,1.280984,78.137715,368.644462,93.547572,462.192033,0.000000,2546.034116,24267.526135,592.127178,16.660448
16.000000,5840.000000,5.000000,0.539054,0.001546,0.015330,0.018022,0.019302,0.000029,0.129723,0.132678,0.130314,19.491785,7.496280,25.895268,77.322543,1.322851,78.645394,375.319386,95.966706,471.286092,0.000000,2640.753513,25987.119096,602.814819,16.964232
17.000000,6205.000000,5.000000,0.543240,0.001557,0.015233,0.017908,0.019115,0.000030,0.128839,0.131717,0.129415,19.993805,7.560414,26.121402,77.565943,1.356577,78.922520,380.828128,97.333229,478.161357,0.000000,2737.393176,27707.534755,610.759498,17.156240
18.000000,6570.000000,5.000000,0.546887,0.001567,0.015133,0.017790,0.018935,0.000030,0.128689,0.130745,0.129100,20.354254,7.581481,26.197099,77.466116,1.381094,78.847210,385.564141,97.930703,483.494843,0.000000,2835.592959,29428.619582,616.474887,17.278568
19.000000,6935.000000,5.000000,0.549365,0.001574,0.015008,0.017643,0.018736,0.000030,0.128956,0.129752,0.129115,20.596209,7.565110,26.142422,77.060637,1.397657,78.458294,389.787651,98.048451,487.836101,0.000000,2934.906859,31150.182434,620.598136,17.358943
20.000000,7300.000000,5.000000,0.550773,0.001578,0.014860,0.017470,0.018520,0.000030,0.129448,0.128780,0.129314,20.752427,7.522261,25.995641,76.447380,1.408395,77.855775,393.648750,97.904225,491.552976,0.000000,3034.949992,32872.058357,623.679079,17.414097
21.000000,7665.000000,5.000000,0.551367,0.001580,0.014698,0.017279,0.018294,0.000030,0.130054,0.127890,0.129621,20.850279,7.462536,25.790171,75.713942,1.415144,77.129086,397.231177,97.655501,494.886678,0.000000,3135.441639,34594.127040,626.118749,17.454282
22.000000,8030.000000,5.000000,0.551579,0.001580,0.014531,0.017083,0.018072,0.000030,0.130705,0.127079,0.129980,20.916572,7.395282,25.558454,74.947698,1.419727,76.367425,400.569208,97.364279,497.933487,0.000000,3236.203950,36316.312258,628.171221,17.484960
23.000000,8395.000000,5.000000,0.551520,0.001580,0.014364,0.016887,0.017857,0.000030,0.131363,0.126366,0.130364,20.961754,7.324221,25.313437,74.179588,1.422862,75.602450,403.691990,97.083476,500.775467,0.000000,3337.138338,38038.571762,629.977329,17.510142
24.000000,8760.000000,5.000000,0.551456,0.001580,0.014203,0.016698,0.017658,0.000030,0.132001,0.125725,0.130746,20.999621,7.253949,25.071043,73.452161,1.425490,74.877651,406.595446,96.815949,503.411395,0.000000,3438.191196,39760.882573,631.613659,17.531441
25.000000,9125.000000,5.000000,0.550370,0.001577,0.014022,0.016485,0.017439,0.000030,0.132641,0.125328,0.131179,20.993572,7.171601,24.786856,72.632892,1.425106,74.057998,409.400202,96.707117,506.107318,0.000000,3539.336497,41483.233586,633.117345,17.550563
26.000000,9490.000000,5.000000,0.543281,0.001556,0.013695,0.016100,0.017044,0.000030,0.133696,0.126957,0.132348,20.754493,7.013156,24.239605,71.066449,1.408759,72.475208,413.411673,98.142749,511.554423,0.000000,3639.490554,43205.159990,636.036885,17.567323
27.000000,9855.000000,5.000000,0.542629,0.001555,0.013539,0.015917,0.016868,0.000030,0.134625,0.127929,0.133286,20.758118,6.941362,23.991796,70.399534,1.409032,71.808566,416.977731,99.059209,516.036941,0.000000,3739.238366,44926.912279,639.536783,17.582538
28.000000,10220.000000,5.000000,0.543050,0.001556,0.013416,0.015772,0.016736,0.000030,0.135496,0.128610,0.134118,20.800608,6.885408,23.798698,69.912673,1.411965,71.324638,420.317837,99.739581,520.057417,-0.000000,3839.105117,46648.715542,642.866769,17.596313
29.000000,10585.000000,5.000000,0.543604,0.001557,0.013301,0.015636,0.016617,0.000030,0.136320,0.129117,0.134880,20.846340,6.832999,23.617826,69.479023,1.415119,70.894142,423.479181,100.275325,523.754506,-0.000000,3939.147526,48370.594089,645.945813,17.609509
30.000000,10950.000000,5.000000,0.544114,0.001559,0.013189,0.015505,0.016507,0.000030,0.137096,0.129495,0.135575,20.888880,6.781915,23.441515,69.074110,1.418053,70.492162,426.454968,100.702993,527.157962,0.000000,4039.373631,50092.551363,648.762434,17.621025
31.000000,11315.000000,5.000000,0.544554,0.001560,0.013080,0.015377,0.016404,0.000030,0.137841,0.129803,0.136233,20.927317,6.731772,23.268435,68.691940,1.420704,70.112645,429.307620,101.068178,530.375798,0.000000,4139.713896,51814.557565,651.415967,17.634079
32.000000,11680.000000,5.000000,0.544943,0.001561,0.012975,0.015253,0.016307,0.000030,0.138543,0.130031,0.136840,20.962564,6.682887,23.099683,68.334359,1.423136,69.757496,432.000257,101.364891,533.365148,0.000000,4240.195367,53536.624284,653.867777,17.645447
33.000000,12045.000000,5.000000,0.545289,0.001562,0.012872,0.015132,0.016216,0.000030,0.139203,0.130201,0.137403,20.995058,6.635088,22.934672,67.997031,1.425379,69.422410,434.540180,101.609246,536.149426,0.000000,4340.804889,55258.745884,656.136655,17.654703
34.000000,12410.000000,5.000000,0.545567,0.001563,0.012772,0.015015,0.016130,0.000030,0.139824,0.130326,0.137924,21.023858,6.588434,22.773603,67.680789,1.427368,69.108157,436.934268,101.813065,538.747333,0.000000,4441.529315,56980.916729,658.241384,17.665248
35.000000,12775.000000,5.000000,0.545818,0.001564,0.012675,0.014901,0.016050,0.000030,0.140407,0.130417,0.138409,21.050739,6.543026,22.616832,67.383715,1.429224,68.812940,439.189549,101.985211,541.174760,0.000000,4542.357212,58703.131919,660.198298,17.673951
36.000000,13140.000000,5.000000,0.546031,0.001564,0.012582,0.014791,0.015975,0.000030,0.140954,0.130483,0.138860,21.075218,6.498892,22.464449,67.105953,1.430915,68.536868,441.313255,102.132463,543.445718,0.000000,4643.278953,60425.387330,662.021146,17.682716
37.000000,13505.000000,5.000000,0.546215,0.001565,0.012491,0.014685,0.015904,0.000030,0.141466,0.130536,0.139280,21.097822,6.456057,22.316546,66.846004,1.432477,68.278481,443.310183,102.264592,545.574775,0.000000,4744.284912,62147.678834,663.723683,17.691583
38.000000,13870.000000,5.000000,0.546375,0.001565,0.012403,0.014582,0.015839,0.000030,0.141946,0.130574,0.139672,21.118737,6.414527,22.173142,66.603445,1.433923,68.037368,445.190237,102.380922,547.571159,0.000000,4845.368772,63870.003724,665.314933,17.698998
39.000000,14235.000000,5.000000,0.546518,0.001566,0.012319,0.014482,0.015777,0.000030,0.142396,0.130600,0.140037,21.138289,6.374344,22.034389,66.377476,1.435275,67.812750,446.959827,102.483401,549.443228,0.000000,4946.524858,65592.359570,666.803001,17.706499
40.000000,14600.000000,5.000000,0.546645,0.001566,0.012237,0.014386,0.015720,0.000030,0.142817,0.130616,0.140377,21.156582,6.335464,21.900129,66.167123,1.436540,67.603663,448.625079,102.574378,551.199457,0.000000,5047.747986,67314.744148,668.195295,17.713662
41.000000,14965.000000,5.000000,0.546756,0.001566,0.012158,0.014294,0.015667,0.000030,0.143211,0.130624,0.140694,21.173684,6.297881,21.770342,65.971262,1.437722,67.408985,450.191929,102.655918,552.847847,0.000000,5149.033309,69037.155381,669.498738,17.720335
42.000000,15330.000000,5.000000,0.546854,0.001567,0.012082,0.014204,0.015617,0.000030,0.143580,0.130627,0.140989,21.189697,6.261541,21.644847,65.789012,1.438830,67.227843,451.666078,102.729691,554.395769,0.000000,5250.376371,70759.591360,670.719697,17.726975
43.000000,15695.000000,5.000000,0.546940,0.001567,0.012009,0.014118,0.015570,0.000030,0.143925,0.130625,0.141265,21.204707,6.226439,21.523624,65.619415,1.439869,67.059284,453.052959,102.797002,555.849961,0.000000,5351.773081,72482.050332,671.864016,17.733063
44.000000,16060.000000,5.000000,0.547015,0.001567,0.011938,0.014035,0.015527,0.000030,0.144247,0.130620,0.141522,21.218803,6.192523,21.406497,65.461736,1.440844,66.902581,454.357737,102.858873,557.216610,0.000000,5453.219715,74204.530699,672.937014,17.739128
45.000000,16425.000000,5.000000,0.547080,0.001567,0.011870,0.013955,0.015486,0.000030,0.144549,0.130613,0.141762,21.232054,6.159789,21.293447,65.315115,1.441761,66.756876,455.585300,102.916098,558.501398,0.000000,5554.712864,75927.031002,673.943563,17.744698
46.000000,16790.000000,5.000000,0.547137,0.001568,0.011805,0.013877,0.015449,0.000030,0.144830,0.130604,0.141985,21.244532,6.128179,21.184278,65.178912,1.442625,66.621537,456.740275,102.969308,559.709582,0.000000,5656.249415,77649.549906,674.888107,17.750292
47.000000,17155.000000,5.000000,0.547185,0.001568,0.011741,0.013803,0.015413,0.000030,0.145093,0.130594,0.142193,21.256288,6.097690,21.078979,65.052331,1.443439,66.495770,457.827022,103.018998,560.846020,0.000000,5757.826499,79372.086182,675.774748,17.755392
48.000000,17520.000000,5.000000,0.547227,0.001568,0.011680,0.013731,0.015381,0.000030,0.145339,0.130582,0.142387,21.267383,6.068258,20.977332,64.934830,1.444208,66.379038,458.849661,103.065572,561.915232,0.000000,5859.441484,81094.638700,676.607244,17.760587
49.000000,17885.000000,5.000000,0.547261,0.001568,0.011621,0.013662,0.015350,0.000030,0.145568,0.130570,0.142568,21.277854,6.039888,20.879348,64.825665,1.444933,66.270599,459.812059,103.109350,562.921409,0.000000,5961.091919,82817.206412,677.389098,17.765250
50.000000,18250.000000,5.000000,0.547289,0.001568,0.011565,0.013596,0.015321,0.000030,0.145781,0.130557,0.142736,21.287701,6.012579,20.785029,64.724836,1.445616,66.170452,460.714215,103.150333,563.864549,0.000000,6062.777803,84539.789316,678.120309,17.770114
